0.0327 -0.1321 0.0656
-0.0013 0.0017 0.1417
-0.0248 -0.1133 0.1401
0.1237 0.0204 0.0087
0.0307 0.1016 -0.0198
-0.0878 0.0627 0.0203
0.0346 -0.0088 -0.0929
0.0771 0.0999 -0.1003
-0.0426 0.0354 -0.13
0.0045 0.0278 -0.0998
-1 0.2369 0.8328
-1 0.2369 0.8328
-0.0147 -0.0545 -0.0852
-0.0360 0.1326 -0.1534
0.0145 -0.0585 0.0347
0.0496 -0.033 0.0153
0.0196 0.0232 0.0038
0.0465 -0.0001 -0.0786
-0.0906 -0.0504 -0.0566
-0.0106 0.0401 -0.1284
0.0399 0.0592 -0.1004
-0.0038 0.033 -0.0382
0.4474 0.9615 -1
0.4474 0.9615 -1
0.4474 0.9615 -1
0.4474 0.9615 -1
1 1 1
0.009 0.011 0.0636
0.0564 -0.0042 0.0662
0.0812 -0.0237 0.0183
-0.1168 0.1204 0.0085
0.0512 0.0817 0.116
0.057 -0.1144 -0.0788
0.1085 -0.0544 0.1014
0.0652 -0.1442 -0.0223
0.0315 -0.081 -0.1643
0.013 0.1558 -0.0935
0.0376 0.0498 -0.2059
0.0155 0.0064 0.0008
0.0224 -0.0373 -0.2042
0.0198 -0.0089 -0.0472
0.0581 -0.0813 -0.0192
-0.0178 -0.0612 0.0658
0.087 0.0497 0.1402
-0.0568 0.0718 -0.1606
-0.0513 0.0459 0.0274
0.0104 0.0558 -0.1571
0.0102 -0.0024 -0.0371
-0.8326 0.9054 -0.3661
0.3366 0.7848 -0.8321