0 0.27 0.27 0.27 1 0 0 0
1 0.09 0.09 0.1 1 0 0 0
2 0.29 0.29 0.33 1 0 0 0
2 0.13 0.13 0.20 1 0 0 0
2 0.1 0.1 0.35 1 0 0 0
2 0.08 0.08 0.32 1 0 0 0
0 0.14 0.14 0.14 1 0 0 0
2 0.13 0.13 0.20 1 0 0 0
2 0.1 0.1 0.35 1 0 0 0
2 0.08 0.08 0.32 1 0 0 0
0 0.14 0.14 0.14 1 0 0 0
1 0.24 0.1 0.2 1 0 0 0
2 0.2 0.2 0.31 1 0 0 0
2 0.16 0.16 0.48 1 0 0 0
2 0.12 0.12 0.45 1 0 0 0
0 0.12 0.12 0.12 1 0 0 0
2 0.06 0.06 0.11 1 0 0 0
2 0.16 0.16 0.48 1 0 0 0
2 0.12 0.12 0.45 1 0 0 0
0 0.12 0.12 0.12 1 0 0 0
2 0.06 0.06 0.11 1 0 0 0